154
108
745
535
1007
973
902
193
752
1204
127
1611
368
732
870
229
136
162
1302
518
987
397
163
1262
5186
579
1192
1208
440
476
862
3611
229
407
2028
109
110
181
281
1205
135
345
1512
449
220
666
840
254
1765
298
826
314
1688
364
1019
1395
191
296
2043
297
173
1719
416
109
929
323
717
1497
197
921
351
703
1070
215
870
2300
1679
151
763
691
318
556
1024
138
148
195
154
196
1858
851
751
134
670
456
716
718
155
1114
908
439
505
1122
1585
1054
586
669
199
471
713
308
185
228
668
1146
121
1442
248
398
472
219
401
629
1187
338
255
138
902
